0 0.06673803528683869 0.149951158985178
1 0.11747397865554414 0.17345203812026916
2 0.03304054879434823 0.31603064864528946
3 0.08570915835278624 0.12094877397008927
4 0.05314226633581473 0.13400543697474704
5 0.11830942283950556 0.24109661791706224
6 0.04837553659625891 0.1369833823735463
7 0.05513945401406061 0.14851394788992356
8 0.03160493427446439 0.5474436738630595
9 0.02982119633138952 0.13947042811282379
10 0.03686268998138957 0.17889259374138414
11 0.042762052977939745 0.1887931294279434
12 0.07881464711996883 0.1598600067343061
13 0.09660196984546467 0.24863186137260673
14 0.038417880991820946 0.10588565995508574
15 0.05181630974448099 0.12187749355902901
16 0.07332018211547142 0.16480424510420003
17 0.11190289640016927 0.1310952569485686
18 0.11838493482801664 0.14573633955764403
19 0.02091164417621047 0.09263879100095568
20 0.07781979899218888 0.14652459062554463
21 0.08425660290735833 0.09074029035170346
22 0.08169956255192704 0.14322804760543628
